image: map.pgm
resolution: 0.350000
origin: [-100.100000, -100.100000, 0.000000]
negate: 0
occupied_thresh: 0.65
free_thresh: 0.196

