image: map.pgm
resolution: 0.300000
origin: [-99.900000, -99.900000, 0.000000]
negate: 0
occupied_thresh: 0.65
free_thresh: 0.196

